T04E "50" TRIM
https://static.wixstatic.com/media/5fc0c6_7272230ae055a8d0c06ec90a39f5e1f0.gif
38
4
366
359
0.3790526777
2.6
ef c 0.78 0.26464348534542687 2.516056338028169 0.26926607897591465 2.5014084507042256 0.27388867260640243 2.486760563380282 0.2750443210140244 2.4428169014084506 0.27388867260640243 2.39887323943662 0.27157737579115854 2.347605633802817 0.2681104305682927 2.2816901408450705 0.2507757044539634 2.1352112676056336 0.2149506038176829 1.8861971830985915 0.17219161273567074 1.607887323943662 0.16641337069756096 1.5859154929577466 0.16063512865945123 1.5712676056338029 0.15716818343658537 1.5492957746478875 0.1513899413984756 1.5346478873239435 0.14561169936036586 1.5346478873239435 0.1375221605070122 1.512676056338028 0.13405521528414635 1.52 0.1328995668765244 1.5419718309859156 0.13405521528414635 1.5785915492957747 0.13636651209939027 1.6225352112676057 0.14098910572987805 1.673802816901409 0.1513899413984756 1.7616901408450705 0.15716818343658537 1.8056338028169017 0.16525772228993907 1.8788732394366199 0.18028115158902439 1.9960563380281695 0.20339411974146338 2.2011267605633806 0.23112968152439026 2.391549295774648 0.24730875923109755 2.4940845070422535 0.25770959489969514 2.523380281690141
ef c 0.76 0.1964602292957317 1.5932394366197185 0.17450290955091463 1.5053521126760563 0.1513899413984756 1.4467605633802818 0.13405521528414635 1.4174647887323943 0.12365437961554877 1.4028169014084508 0.11672048916981706 1.395492957746479 0.11094224713170732 1.4247887323943662 0.11094224713170732 1.483380281690141 0.11440919235457317 1.5346478873239435 0.12018743439268292 1.6371830985915494 0.12712132483841462 1.717746478873239 0.14330040254512194 1.8715492957746478 0.1756585579585366 2.164507042253521 0.18952633885 2.3183098591549296 0.21148365859481713 2.523380281690141 0.22419579107865859 2.647887323943662 0.24499746241585368 2.823661971830986 0.25770959489969514 2.9335211267605636 0.27966691464451215 3.1019718309859154 0.2912233987207317 3.1605633802816904 0.29815728916646345 3.1971830985915495 0.307402476427439 3.219154929577465 0.3154920152807927 3.219154929577465 0.32127025731890246 3.1898591549295774 0.32589285094939024 3.1019718309859154 0.3293597961722561 2.955492957746479 0.3224259057265244 2.72112676056338 0.3178033120960366 2.6259154929577466 0.29237904712835366 2.3109859154929575 0.27851126623689026 2.157183098591549 0.26348783693780486 2.0253521126760567 0.22072884585579267 1.7250704225352111
ef o 0.74 0.3478501706942073 3.094647887323944 0.34322757706371954 2.823661971830986 0.3397606318408536 2.6918309859154927 0.33513803821036586 2.581971830985916 0.3293597961722561 2.508732394366197 0.32011460891128046 2.3842253521126757 0.3131807184655488 2.3109859154929575 0.3050911796121951 2.223098591549296 0.2761999694216464 1.952112676056338 0.23112968152439026 1.688450704225352 0.2068610649643293 1.5639436619718312 0.17450290955091463 1.4540845070422534 0.10747530190884146 1.3149295774647887 0.09938576305548781 1.3149295774647887 0.094763169425 1.3295774647887326 0.09360752101737807 1.3808450704225352 0.09591881783262196 1.4614084507042253 0.10054141146310974 1.5419718309859156 0.10285270827835366 1.5859154929577466 0.11325354394695124 1.717746478873239 0.12712132483841462 1.8715492957746478 0.15023429299085367 2.098591549295775 0.16179077706707318 2.223098591549296 0.18837069044237806 2.523380281690141 0.21610625222530483 2.823661971830986 0.2438418140082317 3.116619718309859 0.2704217273835366 3.3729577464788734
ef o 0.72 0.355939709547561 2.9994366197183098 0.3524727643246951 2.809014084507042 0.35016146750945126 2.735774647887324 0.3455388738789634 2.6259154929577466 0.3362936866179878 2.4428169014084506 0.32589285094939024 2.3183098591549296 0.31202507005792685 2.171830985915493 0.2958459923512195 2.0253521126760567 0.2819782114597561 1.9228169014084506 0.261176540122561 1.783661971830986 0.23806357197012196 1.651830985915493 0.21379495541006097 1.5273239436619717 0.18374809681189025 1.432112676056338 0.13983345732225608 1.3222535211267603 0.0970744662402439 1.2343661971830986 0.08320668534878048 1.2343661971830986 0.07742844331067074 1.2709859154929577 0.07742844331067074 1.3369014084507045 0.08089538853353659 1.4174647887323943 0.0855179821640244 1.5785915492957747 0.09360752101737807 1.7104225352112676 0.10631965350121952 1.8642253521126761 0.12018743439268292 2.04 0.13405521528414635 2.2084507042253523 0.16294642547469512 2.4940845070422535
ef o 0.70 0.3594066547704268 2.896901408450704 0.355939709547561 2.655211267605634 0.3397606318408536 2.3622535211267603 0.3293597961722561 2.223098591549296 0.3178033120960366 2.1205633802816903 0.28891210190548783 1.8788732394366199 0.24499746241585368 1.6152112676056338 0.21841754904054883 1.5053521126760563 0.19183763566524392 1.4174647887323943 0.09591881783262196 1.1830985915492958
ef o 0.68 0.36402924840091466 2.7504225352112677 0.3594066547704268 2.574647887323944 0.3524727643246951 2.4208450704225357 0.34322757706371954 2.3109859154929575 0.3339823898027439 2.1791549295774644 0.3224259057265244 2.083943661971831 0.2935346955359756 1.8422535211267608 0.2519313528615854 1.5859154929577466 0.22650708789390248 1.4687323943661972 0.1999271745185976 1.388169014084507 0.10516400509359757 1.1757746478873239
ef o 0.65 0.36518489680853655 2.6259154929577466 0.3617179515856707 2.4501408450704223 0.355939709547561 2.3329577464788733 0.34900581910182926 2.215774647887324 0.3386049834332317 2.091267605633803 0.33051544457987814 2.0180281690140847 0.3016242343893293 1.7983098591549296
sp o 126077 0.2704217273835366 3.3729577464788734 0.27966691464451215 3.380281690140845 0.2877564534978658 3.402253521126761 0.3016242343893293 3.3949295774647887 0.31202507005792685 3.350985915492958 0.32358155413414635 3.307042253521127 0.33051544457987814 3.255774647887324 0.33744933502560975 3.1825352112676057 0.34900581910182926 3.0726760563380284 0.3617179515856707 2.823661971830986 0.36865184203140244 2.5892957746478875 0.3698074904390244 2.464788732394366
ef c 0.01 0.2866008050902439 3.5340845070422535 0.3154920152807927 3.4901408450704228 0.3513171159170732 3.3363380281690143 0.3744300840695122 2.896901408450704 0.3732744356618902 2.3842253521126757 0.35478406113993904 2.0619718309859154 0.29469034394359755 1.6738028169014085 0.21263930700243905 1.351549295774648 0.11787613757743902 1.1318309859154931 0.07858409171829268 1.1757746478873239 0.03929204585914634 1.1757746478873239 0.00924518726097561 1.1684507042253522 0.2681104305682927 3.431549295774648