T3 50-Trim
http://stealth316.3sg.org/images/t3-50trim-cfm.gif
71
37
452
598
0.412980621113
2.4
sp o 153000 0.1604229184375958 3.0449197860962567 0.1690944275423307 3.0406417112299464 0.17993381392324934 3.032085561497326 0.18752138438989238 3.0149732620320857 0.19402501621844356 2.9893048128342246 0.20269652532317847 2.9550802139037433 0.20920015715172965 2.9080213903743317 0.2167877276183727 2.8524064171122996 0.22329135944692388 2.788235294117647 0.23413074582784252 2.6598930481283425 0.23629862310402625 2.552941176470588 0.24280225493257743 2.356149732620321 0.24713800948494488 2.1721925133689837
sp o 143000 0.14091202295194225 2.7540106951871657 0.15500322524713647 2.732620320855615 0.1723462434566063 2.702673796791444 0.18643744575180055 2.6427807486631014 0.2048644025993622 2.5572192513368988 0.2167877276183727 2.4459893048128345 0.22654317536119944 2.3347593582887702 0.2319628685516588 2.2192513368983957 0.23521468446593438 2.125133689839572 0.2373825617421181 2.06951871657754 0.23955043901830184 2.0053475935828877
sp o 132800 0.11814931155201312 2.4545454545454546 0.1300726365710236 2.4545454545454546 0.13982808431385035 2.4502673796791443 0.15608716388522834 2.4288770053475934 0.17017836618042256 2.394652406417112 0.17993381392324934 2.356149732620321 0.19294107758035173 2.283422459893048 0.2016125866850866 2.2149732620320854 0.20920015715172965 2.146524064171123 0.21570378898028084 2.0780748663101605 0.21895560489455643 2.018181818181818 0.22437529808501572 1.911229946524064
sp o 122200 0.09213478423780841 2.1935828877005346 0.11923325019010499 2.1935828877005346 0.13440839112339106 2.180748663101604 0.14633171614240156 2.1721925133689837 0.1604229184375958 2.1336898395721926 0.17017836618042256 2.103743315508021 0.18210169119943306 2.0395721925133685 0.190773200304168 1.9925133689839574 0.20052864804699475 1.9026737967914438 0.20378046396127034 1.8598930481283422 0.21136803442791338 1.7614973262032083
sp o 109700 0.07370782739024671 1.9625668449197862 0.09105084559971653 1.958288770053476 0.10514204789491076 1.9411764705882355 0.11814931155201312 1.9240641711229944 0.12790475929483988 1.8983957219251337 0.14633171614240156 1.8470588235294116 0.15608716388522834 1.8085561497326204 0.17017836618042256 1.744385026737968 0.1896892616660761 1.586096256684492
sp o 96500 0.0563648091807769 1.7101604278074864 0.07045601147597112 1.7058823529411762 0.09647053879017586 1.6802139037433155 0.11164567972346194 1.6502673796791445 0.1300726365710236 1.5989304812834222 0.14958353205667718 1.5090909090909093 0.16367473435187138 1.4406417112299466
sp o 79000 0.04335754552367454 1.4534759358288771 0.06612025692360367 1.4406417112299466 0.08346327513307349 1.4106951871657754 0.095386600152084 1.3893048128342247 0.11056174108537008 1.3465240641711231 0.12140112746628871 1.3037433155080214 0.12682082065674802 1.2737967914438504
sp o 56400 0.027098465952296587 1.2181818181818183 0.03685391369512336 1.2224598930481283 0.04986117735222571 1.209625668449198 0.06070056373314436 1.1967914438502674 0.09213478423780841 1.1326203208556151
ef c 0.75 0.1810177525613412 2.33903743315508 0.18643744575180055 2.317647058823529 0.18860532302798427 2.274866310160428 0.18860532302798427 2.2192513368983957 0.17993381392324934 2.0951871657754007 0.1723462434566063 2.009625668449198 0.16259079571377952 1.9197860962566846 0.1539192866090446 1.8470588235294116 0.1300726365710236 1.6802139037433155 0.10622598653300262 1.53475935828877 0.1008062933425433 1.513368983957219 0.09430266151399214 1.5090909090909093 0.08779902968544094 1.5219251336898396 0.08563115240925721 1.5561497326203209 0.0888829683235328 1.620320855614973 0.10297417061872703 1.80427807486631 0.12031718882819685 2.031016042780749 0.12898869793293175 2.1379679144385024 0.13766020703766665 2.206417112299465 0.14633171614240156 2.2962566844919783 0.1517514093328609 2.33048128342246 0.15825504116141206 2.3518716577540104 0.17126230481851443 2.3775401069518716 0.17343018209469815 2.3647058823529408
ef o 0.70 0.22871105263738317 2.711229946524064 0.22329135944692388 2.3860962566844917 0.22112348217074015 2.262032085561497 0.21895560489455643 2.1935828877005346 0.2135359117040971 2.1122994652406417 0.20594834123745406 2.0010695187165775 0.19836077077081102 1.9197860962566846 0.17343018209469815 1.727272727272727 0.1441638388662178 1.53475935828877 0.1300726365710236 1.457754010695187 0.10622598653300262 1.3679144385026738 0.09213478423780841 1.3336898395721926 0.0802114592187979 1.3251336898395722 0.0682881341997874 1.3379679144385028 0.06395237964741994 1.3593582887700535 0.05853268645696063 1.406417112299465 0.06070056373314436 1.457754010695187 0.06395237964741994 1.5946524064171124 0.08779902968544094 1.958288770053476 0.10514204789491076 2.1935828877005346 0.12573688201865615 2.4545454545454546 0.13874414567575852 2.6042780748663104 0.14958353205667718 2.7497326203208554 0.17343018209469815 3.0449197860962567
ef o 0.65 0.2406343776563937 2.471657754010695 0.23304680718975063 2.1978609625668453 0.22112348217074015 1.988235294117647 0.20703227987554593 1.834224598930481 0.18318562983752493 1.6502673796791445 0.15500322524713647 1.4877005347593584 0.11923325019010499 1.320855614973262 0.09863841606635956 1.2395721925133691 0.0888829683235328 1.2181818181818183 0.08237933649498162 1.209625668449198 0.07045601147597112 1.1967914438502674 0.06070056373314436 1.1882352941176473 0.05528087054268504 1.192513368983957 0.050945115990317584 1.2010695187165774 0.04877723871413385 1.2310160427807488 0.046609361437950136 1.2780748663101604 0.045525422799858266 1.3336898395721926 0.047693300076042 1.5090909090909093
ef c 0.01 0.21028409578982152 1.590374331550802 0.16801048890423884 1.350802139037433 0.09430266151399214 1.0898395721925134 0.019510895485653542 1.1882352941176473 0.04335754552367454 1.5005347593582887 0.05311299326650131 1.6716577540106954 0.06937207283787926 1.911229946524064 0.1159814342758294 2.4673796791443845 0.13982808431385038 2.7796791443850264 0.15608716388522834 3.0106951871657754 0.15825504116141206 3.1689839572192513 0.190773200304168 3.1475935828877004 0.2308789299135669 3.002139037433155 0.25255770267540417 2.7540106951871657 0.26339708905632286 2.4802139037433153 0.2666489049705984 2.2192513368983957 0.26231315041823094 2.018181818181818 0.24822194812303675 1.855614973262032 0.22003954353264832 1.6759358288770052