TD04-09B
http://stealth316.3sg.org/images/td04-09b-cfm.gif
67
14
461
577
0.2066728829
2.4
sp o 180000 0.0771089182393401 2.6923623445825933 0.08550172566675127 2.6838365896980463 0.09232088170152286 2.6795737122557726 0.1022873405215736 2.6795737122557726 0.11068014794898476 2.675310834813499 0.11802385444796955 2.675310834813499 0.12274480862588832 2.6667850799289523 0.13008851512487307 2.658259325044405 0.13690767115964467 2.6326820603907635 0.14162862533756343 2.607104795737122 0.14897233183654823 2.5516873889875664 0.1542178364786802 2.500532859680284 0.16208609344187816 2.3939609236234456 0.16733159808401013 2.287388987566607 0.1699543504050761 2.19360568383659 0.17205255226192892 2.0827708703374777
sp o 160000 0.05927420245609137 2.3129662522202485 0.06609335849086294 2.3087033747779753 0.07133886313299492 2.3044404973357016 0.0776334687035533 2.2959147424511546 0.08392807427411168 2.2916518650088813 0.09546818448680204 2.287388987566607 0.10700829469949238 2.287388987566607 0.11225379934162437 2.2788632326820606 0.11592565259111674 2.270337477797513 0.12169570769746192 2.249023090586146 0.1290394141964467 2.210657193605684 0.13585857023121825 2.1595026642984014 0.14477592812284262 2.0785079928952044 0.1505459832291878 2.0188277087033746 0.15788968972817258 1.933570159857904 0.16470884576294414 1.8483126110124335
sp o 140000 0.04720954177918782 1.98898756660746 0.06451970709822336 1.980461811722913 0.08550172566675127 1.9591474245115452 0.09599273495101522 1.9420959147424512 0.10071368912893401 1.9293072824156305 0.10858194609213198 1.8952042628774421 0.11540110212690356 1.8611012433392542 0.12222025816167512 1.814209591474245 0.1290394141964467 1.7630550621669627 0.151070533693401 1.605328596802842
sp o 120000 0.03724308295913706 1.7076376554174066 0.0519304959571066 1.694849023090586 0.06294605570558376 1.6905861456483127 0.07448616591827412 1.677797513321492 0.0786825696319797 1.6735346358792187 0.08445262473832486 1.6564831261101243 0.09599273495101522 1.605328596802842 0.10438554237842639 1.558436944937833 0.13218671698172588 1.4092362344582594
sp o 90000 0.024129321353807104 1.3793960923623445 0.03566943156649746 1.3793960923623445 0.04563589038654822 1.3666074600355238 0.05297959688553299 1.3580817051509773 0.06189695477715736 1.3367673179396091 0.06871611081192895 1.3197158081705151 0.07920712009619289 1.2813499111900533 0.10858194609213198 1.1619893428063943
ef o 0.76 0.05402869781395939 1.3325044404973356 0.06976521174035533 1.558436944937833 0.0765843677751269 1.6564831261101243 0.08497717520253804 1.750266429840142 0.08812447798781725 1.780106571936057 0.09232088170152286 1.8056838365896979 0.09494363402258883 1.822735346358792 0.0965172854152284 1.831261101243339 0.0986154872720812 1.831261101243339 0.10071368912893401 1.8184724689165184 0.09966458820050761 1.7886323268206037 0.09809093680786803 1.7460035523978685 0.09336998262994924 1.669271758436945 0.08392807427411168 1.5200710479573711 0.0739616154540609 1.392184724689165 0.06714245941928934 1.302664298401421
ef o 0.75 0.050356844564467006 1.3367673179396091 0.06556880802664974 1.5797513321492005 0.0760598173109137 1.7161634103019539 0.08759992752360406 1.8440497335701598 0.09546818448680204 1.9165186500888098 0.10648374423527919 1.997513321492007 0.10858194609213198 2.0060390763765543 0.11015559748477156 2.014564831261101 0.11172924887741116 2.014564831261101 0.11382745073426395 2.0060390763765543 0.11592565259111674 1.98898756660746 0.11592565259111674 1.9634103019538187 0.11435200119847716 1.9165186500888098 0.11120469841319797 1.8355239786856128 0.09966458820050761 1.6564831261101243 0.09022267984467004 1.5243339253996446 0.07028976220456853 1.294138543516874
ef o 0.74 0.04720954177918782 1.3410301953818828 0.04878319317182741 1.3708703374777975 0.05770055106345178 1.5158081705150979 0.06766700988350254 1.669271758436945 0.0776334687035533 1.7886323268206037 0.08864902845203046 1.9079928952042629 0.09809093680786803 1.997513321492007 0.10805739562791877 2.074245115452931 0.11330290027005076 2.1126110124333923 0.11697475351954315 2.1296625222024868 0.11907295537639592 2.1339253996447605 0.12169570769746192 2.1296625222024868 0.12379390955431473 2.1126110124333923 0.1248430104827411 2.0998223801065716 0.12379390955431473 2.0401420959147423 0.12064660676903553 1.9250444049733568 0.11435200119847716 1.7886323268206037 0.10910649655634518 1.7033747779751334 0.10333644145 1.622380106571936 0.09599273495101522 1.5328596802841918 0.08759992752360406 1.4348134991119006 0.07973167056040609 1.3495559502664298 0.07238796406142131 1.2856127886323268
ef o 0.72 0.04248858760126903 1.3410301953818828 0.0514059454928934 1.49449378330373 0.06714245941928934 1.741740674955595 0.08078077148883248 1.9250444049733568 0.09022267984467004 2.0444049733570155 0.10491009284263958 2.19360568383659 0.11382745073426395 2.274600355239787 0.12117115723324874 2.3342806394316162 0.1285148637322335 2.389698046181172 0.1316621665175127 2.4067495559502667 0.13376036837436547 2.4152753108348133 0.13638312069543146 2.41101243339254 0.13900587301649744 2.4024866785079926 0.14110407487335025 2.372646536412078 0.14110407487335025 2.321492007104796 0.13848132255228426 2.1850799289520424 0.13585857023121825 2.0785079928952044 0.13008851512487307 1.933570159857904 0.12222025816167512 1.7843694493783304 0.11277834980583756 1.6394316163410303 0.10123823959314722 1.5030195381882772 0.09441908355837565 1.439076376554174 0.08917357891624365 1.3793960923623445 0.08235442288147207 1.3282415630550626 0.0755352668467005 1.272824156305506
ef o 0.7 0.1547423869428934 2.568738898756661 0.1526441850860406 2.3939609236234456 0.1479232309081218 2.1722912966252217 0.14162862533756343 1.9932504440497334 0.13323581791015227 1.8397868561278863 0.12117115723324874 1.660746003552398 0.10753284516370558 1.4987566607460034 0.09074723030888322 1.3495559502664298 0.07815801916776649 1.2600355239786858
ef o 0.7 0.03829218388756345 1.3495559502664298 0.04878319317182741 1.5285968028419183 0.06766700988350254 1.8397868561278863 0.08392807427411168 2.0785079928952044 0.0965172854152284 2.231971580817051 0.12064660676903553 2.4877442273534633 0.1400549739449239 2.658259325044405
ef o 0.68 0.1626106439060914 2.4238010657193607 0.15631603833553298 2.1467140319715807 0.14634957951548222 1.9250444049733568 0.13533401976700507 1.750266429840142 0.12379390955431473 1.596802841918295 0.11120469841319797 1.4689165186500888 0.10018913866472082 1.3666074600355238 0.09441908355837565 1.3197158081705151 0.08182987241725888 1.247246891651865
ef o 0.65 0.16733159808401013 2.321492007104796 0.15998789158502538 2.0486678507992897 0.15159508415761422 1.8738898756660747 0.14320227673020305 1.7246891651865006 0.13061306558908628 1.5669626998223802 0.11172924887741116 1.3964476021314387 0.09966458820050761 1.3154529307282417 0.08497717520253804 1.2387211367673179
ef o 0.60 0.1715280017977157 2.1722912966252217 0.16103699251345177 1.8269982238010658 0.1552669374071066 1.7119005328596801 0.1473986804439086 1.5925399644760212 0.13848132255228426 1.49449378330373 0.1279903132680203 1.4092362344582594 0.11435200119847716 1.3239786856127886 0.10543464330685279 1.2770870337477798 0.09809093680786803 1.247246891651865 0.08917357891624365 1.2131438721136767
ef o 0.68 0.034095780173857865 1.3495559502664298 0.05455324827817259 1.7374777975133213 0.06976521174035533 2.0103019538188276 0.08235442288147207 2.2021314387211364 0.10910649655634518 2.5644760213143876 0.12012205630482234 2.7051509769094135
ef o 0.65 0.02885027553172589 1.3538188277087035 0.03566943156649746 1.5030195381882772 0.04563589038654822 1.7289520426287743 0.05297959688553299 1.9037300177619894 0.06242150524137055 2.0827708703374777 0.07448616591827412 2.287388987566607 0.08445262473832486 2.4365896980461814 0.10333644145 2.7179396092362342
ef o 0.6 0.022031119496954313 1.3367673179396091 0.03724308295913706 1.6991119005328597 0.04668499131497462 1.98898756660746 0.05822510152766497 2.2959147424511546 0.07238796406142131 2.5943161634103022 0.07920712009619289 2.752042628774423
ef c 0.01 0.14110407487335025 1.3154529307282417 0.1290394141964467 1.2429840142095914 0.10648374423527919 1.0852575488454705 0.09441908355837564 1.0511545293072824 0.08707537705939086 1.046891651865009 0.07081431266878171 1.0554174067495559 0.05927420245609137 1.080994671403197 0.05245504642131979 1.0980461811722912 0.04353768852969543 1.1150976909413854 0.034095780173857865 1.1492007104795736 0.01835926624746193 1.2046181172291295 0.008917357891624365 1.2259325044404974 0.01049100928426396 1.3964476021314387 0.05297959688553299 2.5602131438721134 0.05665145013502538 2.658259325044405 0.05874965199187817 2.7264653641207817 0.06714245941928934 2.786145648312611 0.07448616591827412 2.8287744227353464 0.08287897334568528 2.8458259325044404 0.09232088170152285 2.8330373001776197 0.10910649655634518 2.7733570159857903 0.12012205630482234 2.7563055062166963 0.13271126744593909 2.764831261101243 0.14530047858705583 2.722202486678508 0.1531687355502538 2.662522202486678 0.16103699251345177 2.5516873889875664 0.17205255226192892 2.428063943161634 0.1783471578324873 2.3257548845470692 0.1825435615461929 2.26607460035524 0.18306811201040607 2.1126110124333923 0.1799208092251269 1.9634103019538187 0.17467530458299493 1.7843694493783304 0.16995435040507612 1.6735346358792187 0.16156154297766495 1.5285968028419183 0.151070533693401 1.4177619893428064