TD04-13G
http://stealth316.3sg.org/images/td04-13g-cfm.gif
67
14
451
577
0.32374681998
2.4
sp o 180000 0.13405141764796874 2.675310834813499 0.14669777780343748 2.7179396092362342 0.1601872286359375 2.752042628774423 0.1669319540521875 2.7605683836589696 0.17114740743734372 2.7605683836589696 0.17620595149953125 2.7563055062166963 0.18210758623875 2.739253996447602 0.1896954023320312 2.7051509769094135 0.19559703707124998 2.6667850799289523 0.2023417624875 2.585790408525755 0.20992957858078123 2.492007104795737 0.2175173946740625 2.3513321492007107 0.22679139212140623 2.1339253996447605
sp o 160000 0.11550342275328124 2.342806394316163 0.12814978290874998 2.347069271758437 0.13742378035609373 2.355595026642984 0.165245772698125 2.389698046181172 0.1669319540521875 2.389698046181172 0.17367667946843748 2.3683836589698046 0.17957831420765624 2.3342806394316162 0.185479948946875 2.2916518650088813 0.1896954023320312 2.253285968028419 0.19475394639421875 2.19360568383659 0.2006555811334375 2.1296625222024868 0.20655721587265627 2.0316163410301953 0.2107726692578125 1.9420959147424512 0.21498812264296874 1.8483126110124335
sp o 140000 0.06323180077734375 1.9932504440497334 0.09864160921265624 1.997513321492007 0.10538633462890624 2.0103019538188276 0.11381724139921874 2.0188277087033746 0.12224814816953124 2.0230905861456483 0.12899287358578124 2.0230905861456483 0.138266871033125 2.0188277087033746 0.14416850577234375 2.0103019538188276 0.151756321865625 1.9761989342806392 0.165245772698125 1.8994671403197156 0.1804214048846875 1.7715808170515097 0.1871661303009375 1.7033747779751334 0.19644012774828123 1.5797513321492005
sp o 120000 0.050585440621875 1.7204262877442273 0.0792505236409375 1.7161634103019539 0.0893676117653125 1.7204262877442273 0.10201397192078125 1.7161634103019539 0.11550342275328124 1.7033747779751334 0.12224814816953124 1.6820603907637655 0.1298359642628125 1.6564831261101243 0.14416850577234375 1.5882770870337477 0.1568148659278125 1.5158081705150979 0.16187340999 1.4689165186500888 0.17367667946843748 1.3666074600355238
sp o 90000 0.03288053640421875 1.3964476021314387 0.05142853129890625 1.387921847246892 0.060702528746250005 1.387921847246892 0.0691334355165625 1.3793960923623445 0.07756434228687499 1.3666074600355238 0.09021070244234375 1.3452930728241563 0.09864160921265624 1.3154529307282417 0.10538633462890624 1.294138543516874 0.11466033207625 1.255772646536412 0.1298359642628125 1.1705150976909415
ef o 0.78 0.07672125160984375 1.3325044404973356 0.0927399744734375 1.5285968028419183 0.1062294253059375 1.6820603907637655 0.11381724139921874 1.758792184724689 0.12140505749250002 1.8269982238010658 0.1264636015546875 1.8611012433392542 0.131522145616875 1.8909413854351689 0.134894508325 1.9037300177619894 0.138266871033125 1.9037300177619894 0.14079614306421875 1.8781527531083482 0.1399530523871875 1.8397868561278863 0.13910996171015624 1.7971580817051511 0.13573759900203125 1.750266429840142 0.12899287358578124 1.6650088809946713 0.12309123884656249 1.596802841918295 0.11718960410734375 1.537122557726465 0.111287969368125 1.4817051509769095 0.1062294253059375 1.4476021314387213 0.10117088124375 1.4092362344582594 0.09526924650453124 1.375133214920071 0.084309067703125 1.311190053285968
ef o 0.77 0.0691334355165625 1.3367673179396091 0.09864160921265624 1.6650088809946713 0.11213106004515626 1.8014209591474244 0.1197188761384375 1.8781527531083482 0.13573759900203125 2.035879218472469 0.14754086848046874 2.1339253996447605 0.15597177525078124 2.214920071047957 0.15765795660484375 2.231971580817051 0.1601872286359375 2.249023090586146 0.16440268202109373 2.2618117229129657 0.16608886337515624 2.270337477797513 0.16861813540625 2.253285968028419 0.16861813540625 2.2191829484902312 0.165245772698125 2.108348134991119 0.1568148659278125 1.9378330373001775 0.14669777780343748 1.780106571936057 0.13405141764796874 1.6351687388987566 0.12224814816953124 1.5243339253996446 0.10707251598296874 1.413499111900533 0.09021070244234375 1.294138543516874
ef o 0.76 0.0657610728084375 1.3410301953818828 0.08852452108828124 1.6010657193605682 0.10707251598296874 1.8014209591474244 0.12562051087765624 2.0060390763765543 0.138266871033125 2.125399644760213 0.1500701405115625 2.2362344582593248 0.15597177525078124 2.287388987566607 0.165245772698125 2.3683836589698046 0.16777504472921875 2.389698046181172 0.17030431676031252 2.4024866785079926 0.17199049811437495 2.41101243339254 0.17367667946843748 2.4195381882770866 0.17620595149953125 2.4152753108348133 0.17704904217656248 2.4024866785079926 0.17789213285359373 2.3811722912966253 0.178735223530625 2.347069271758437 0.17704904217656248 2.2234458259325045 0.17030431676031252 2.0614564831261104 0.16187340999 1.9207815275310836 0.158501047281875 1.8611012433392542 0.1500701405115625 1.7545293072824157 0.1433254150953125 1.677797513321492 0.134894508325 1.5925399644760212 0.1264636015546875 1.5200710479573711 0.11381724139921874 1.4262877442273534 0.1028570625978125 1.3580817051509773 0.09189688379640625 1.294138543516874
ef o 0.74 0.060702528746250005 1.3495559502664298 0.09189688379640625 1.7204262877442273 0.11718960410734375 2.0060390763765543 0.13067905493984375 2.1509769094138544 0.14079614306421875 2.2575488454706925 0.151756321865625 2.364120781527531 0.158501047281875 2.4238010657193607 0.16777504472921875 2.4962699822380108 0.17199049811437495 2.5261101243339255 0.1753628608225 2.5431616341030194 0.17957831420765624 2.5431616341030194 0.18295067691578124 2.5346358792184724 0.185479948946875 2.517584369449378 0.18800922097796877 2.479218472468917 0.19053849300906248 2.4195381882770866 0.19138158368609373 2.3300177619893425 0.19053849300906248 2.249023090586146 0.18800922097796877 2.1595026642984014 0.1837937675928125 2.074245115452931 0.1753628608225 1.9378330373001775 0.16608886337515624 1.8099467140319716 0.1568148659278125 1.7033747779751334 0.14416850577234375 1.5882770870337477 0.13067905493984375 1.4817051509769095 0.11381724139921874 1.387921847246892 0.10032779056671876 1.311190053285968 0.09442615582749998 1.2813499111900533
ef o 0.72 0.05648707536109374 1.3538188277087035 0.0657610728084375 1.4817051509769095 0.0725057982246875 1.5669626998223802 0.0792505236409375 1.6564831261101243 0.08768143041125 1.7630550621669627 0.0961123371815625 1.8738898756660747 0.1028570625978125 1.9463587921847245 0.111287969368125 2.0486678507992897 0.12056196681546875 2.1509769094138544 0.12477742020062499 2.197868561278863 0.13236523629390626 2.2788632326820606 0.14163923374125 2.376909413854352 0.151756321865625 2.4621669626998224 0.165245772698125 2.5772646536412074 0.17367667946843748 2.641207815275311 0.178735223530625 2.6667850799289523 0.18210758623875 2.675310834813499 0.18463685826984375 2.6710479573712256 0.19053849300906248 2.649733570159858 0.19559703707124998 2.55595026642984 0.198969399779375 2.4877442273534633 0.2006555811334375 2.3129662522202485 0.1972832184253125 2.1595026642984014 0.19053849300906248 2.014564831261101 0.1753628608225 1.8184724689165184 0.16608886337515624 1.7161634103019539 0.1500701405115625 1.558436944937833 0.145011596449375 1.5285968028419183 0.13236523629390626 1.439076376554174 0.11550342275328124 1.3495559502664298 0.09779851853562499 1.272824156305506
ef o 0.70 0.2006555811334375 2.607104795737122 0.2023417624875 2.568738898756661 0.205714125195625 2.445115452930728 0.20655721587265627 2.300177619893428 0.20149867181046874 2.108348134991119 0.19306776504015624 1.9378330373001775 0.18126449556171875 1.7886323268206037 0.17030431676031252 1.677797513321492 0.15428559389671875 1.5328596802841918 0.14669777780343748 1.477442273534636 0.12730669223171875 1.3708703374777975 0.10201397192078125 1.255772646536412
ef o 0.70 0.05142853129890625 1.3495559502664298 0.0674472541625 1.5626998223801065 0.07334888890171874 1.6479573712255773 0.0893676117653125 1.8653641207815275 0.10032779056671876 2.0060390763765543 0.10875869733703125 2.108348134991119 0.12562051087765624 2.2916518650088813 0.13236523629390626 2.3683836589698046 0.14585468712640623 2.5431616341030194 0.15428559389671875 2.675310834813499 0.1568148659278125 2.739253996447602
ef o 0.65 0.21498812264296874 2.3982238010657193 0.21583121332 2.2618117229129657 0.20992957858078123 2.0316163410301953 0.2040279438415625 1.9165186500888098 0.1871661303009375 1.7119005328596801 0.178735223530625 1.6309058614564829 0.16103031931296874 1.4817051509769095 0.14079614306421875 1.3666074600355238 0.12056196681546875 1.272824156305506 0.11044487869109375 1.2301953818827709
ef o 0.65 0.0421545338515625 1.3495559502664298 0.06407489145437499 1.7204262877442273 0.0826228863490625 1.997513321492007 0.09864160921265624 2.19360568383659 0.1062294253059375 2.287388987566607
ef o 0.60 0.22426212009031252 2.1850799289520424 0.21330194128890623 1.9079928952042629 0.192224674363125 1.6522202486678508 0.1669319540521875 1.4348134991119006 0.1399530523871875 1.294138543516874 0.11718960410734375 1.2003552397868562
ef c 0.01 0.0725057982246875 1.247246891651865 0.03793908046640625 1.2813499111900533 0.0219203576028125 1.294138543516874 0.0185479948946875 1.358081705150977 0.05395780333 2.0316163410301953 0.06407489145437499 2.1850799289520424 0.07334888890171874 2.244760213143872 0.0961123371815625 2.3513321492007107 0.10875869733703125 2.4238010657193607 0.1197188761384375 2.5943161634103022 0.12140505749250001 2.722202486678508 0.14079614306421875 2.7946714031971576 0.1669319540521875 2.8330373001776197 0.1939108557171875 2.820248667850799 0.22257593873625 2.7094138543516872 0.239437752276875 2.3854351687388986 0.2411239336309375 2.0657193605683837 0.23522229889171875 1.8440497335701598 0.22173284805921875 1.6735346358792187 0.20655721587265627 1.5115452930728241 0.19138158368609373 1.42202486678508 0.17199049811437497 1.2898756660746005 0.15597177525078124 1.2046181172291295 0.131522145616875 1.1406749555950269