TD05H-16G small
http://stealth316.3sg.org/images/td05h-16gsmall-cfm.gif
67
7
455
577
0.413211313593
2.4
sp o 151274 0.18956601499885053 2.772631578947369 0.2098005896335593 2.831578947368421 0.22471027620650258 2.865263157894737 0.2332300971053273 2.877894736842105 0.24387987322885826 2.877894736842105 0.2513347165153299 2.877894736842105 0.2651794254759201 2.852631578947368 0.2832840448859227 2.797894736842105 0.29286884339710045 2.7515789473684213 0.298193731458866 2.701052631578947 0.30990848519475 2.6 0.3173633284812217 2.44 0.31949328370592783 2.2800000000000002 0.32055826131828086 2.0694736842105264
sp o 131105 0.1320572239317835 2.305263157894737 0.19169597022355667 2.3684210526315788 0.19808583589767523 2.3684210526315788 0.20447570157179382 2.3684210526315788 0.21299552247061854 2.3684210526315788 0.2215153433694433 2.3557894736842107 0.23216511949297422 2.3305263157894736 0.24174991800415208 2.296842105263158 0.2577245821894485 2.2336842105263157 0.2662444030882732 2.183157894736842 0.2800891120488634 2.1031578947368423 0.28754395533533506 2.04 0.30671355235769066 1.8210526315789473
sp o 110935 0.0724184776400103 1.8926315789473684 0.07987332092648196 1.8926315789473684 0.09691296272413144 1.9052631578947365 0.11608255974648711 1.917894736842105 0.12779731348237114 1.9221052631578948 0.1469669105047268 1.9221052631578948 0.1693314403641418 1.917894736842105 0.18211117171237887 1.896842105263158 0.1959558806729691 1.8631578947368421 0.21406050008297167 1.791578947368421 0.23855498516709278 1.6863157894736842 0.24387987322885826 1.656842105263158 0.25026973890297677 1.6273684210526316 0.264114447863567 1.5178947368421052
sp o 90755 0.056443813454713915 1.5810526315789473 0.09052309705001288 1.5894736842105264 0.11714753735884022 1.5810526315789473 0.12673233587001803 1.568421052631579 0.1501618433417861 1.5431578947368423 0.16507152991472937 1.5010526315789474 0.21193054485826546 1.3368421052631578
sp o 70595 0.040469149269417526 1.3410526315789473 0.06709358957824485 1.345263157894737 0.09584798511177835 1.328421052631579 0.11714753735884022 1.2989473684210529 0.15442175379119846 1.2021052631578948
ef c 0.77 0.1331222015441366 1.4252631578947368 0.12566735825766495 1.4 0.11927749258354639 1.3957894736842105 0.11608255974648711 1.4210526315789473 0.11608255974648711 1.4505263157894737 0.1182125149711933 1.4968421052631578 0.12886229109472425 1.5978947368421053 0.14590193289237371 1.7368421052631577 0.1640065523023763 1.8926315789473684 0.17572130603826033 1.9936842105263155 0.18424112693708505 2.0694736842105264 0.18956601499885053 2.128421052631579 0.1959558806729691 2.1705263157894734 0.20341072395944074 2.1957894736842105 0.2098005896335593 2.2084210526315786 0.21299552247061854 2.2084210526315786 0.21619045530767783 2.2 0.21725543292003094 2.1789473684210527 0.21725543292003094 2.1410526315789475 0.21299552247061854 2.0610526315789475 0.20447570157179382 1.9642105263157896 0.19382592544826288 1.88 0.18317614932473197 1.7873684210526317 0.160811619465317 1.614736842105263 0.1501618433417861 1.5431578947368423 0.14164202244296134 1.4715789473684209
ef o 0.76 0.09691296272413144 1.328421052631579 0.1203424701958995 1.5810526315789473 0.15761668662825773 1.926315789473684 0.17465632842590717 2.082105263157895 0.17998121648767268 2.128421052631579 0.18850103738649743 2.1957894736842105 0.19702085828532218 2.271578947368421 0.2066056567965 2.3389473684210524 0.21299552247061854 2.393684210526316 0.21832041053238402 2.423157894736842 0.22577525381885566 2.44 0.23216511949297422 2.4526315789473685 0.23536005233003351 2.444210526315789 0.23855498516709278 2.423157894736842 0.2364250299423866 2.351578947368421 0.23110014188062114 2.1621052631578945 0.22045036575709023 2.014736842105263 0.19808583589767523 1.8 0.18424112693708505 1.7073684210526316 0.17252637320120104 1.6189473684210527 0.15761668662825773 1.5221052631578948 0.14057704483060823 1.4210526315789473 0.12886229109472425 1.3663157894736844 0.11288762690942783 1.3073684210526315
ef o 0.74 0.08519820898824743 1.3368421052631578 0.10543278362295619 1.5810526315789473 0.14164202244296134 1.9221052631578948 0.15974664185296392 2.0778947368421052 0.17998121648767268 2.2505263157894735 0.19382592544826288 2.3684210526315788 0.21193054485826546 2.511578947368421 0.2236452985941495 2.591578947368421 0.2374900075547397 2.663157894736842 0.24600982845356442 2.6842105263157894 0.25026973890297677 2.6926315789473683 0.2545296493523892 2.688421052631579 0.25878955980180157 2.67578947368421 0.264114447863567 2.6042105263157893 0.264114447863567 2.4357894736842107 0.2630494702512139 2.2800000000000002 0.25665960457709536 2.128421052631579 0.2470748060659175 2.006315789473684 0.21832041053238402 1.7789473684210526 0.20341072395944074 1.6905263157894737 0.16720148513943553 1.4968421052631578 0.12247242542060567 1.2905263157894737
ef o 0.72 0.28115408966121647 2.797894736842105 0.28754395533533506 2.646315789473684 0.2896739105600412 2.486315789473684 0.2854140001106289 2.3010526315789477 0.275829201599451 2.132631578947368 0.2662444030882732 2.0231578947368423 0.25346467174003606 1.9094736842105262 0.22790520904356187 1.7368421052631577 0.21832041053238402 1.6821052631578945 0.20021579112238144 1.5852631578947367 0.17465632842590717 1.4673684210526317 0.12779731348237114 1.2778947368421054
ef o 0.72 0.0724184776400103 1.3410526315789473 0.0883931418253067 1.4926315789473683 0.10010789556119072 1.6189473684210527 0.11608255974648711 1.791578947368421 0.12992726870707733 1.917894736842105 0.14377197766766753 2.0610526315789475 0.160811619465317 2.225263157894737 0.17465632842590717 2.3431578947368417 0.1959558806729691 2.5199999999999996 0.21193054485826546 2.6505263157894734 0.24387987322885826 2.8821052631578947
ef o 0.70 0.298193731458866 2.705263157894737 0.30138866429592526 2.4610526315789474 0.2960637762341598 2.271578947368421 0.2832840448859227 2.0736842105263156 0.2630494702512139 1.8842105263157896 0.23536005233003351 1.703157894736842 0.21193054485826546 1.5810526315789473 0.18211117171237887 1.4421052631578948 0.1331222015441366 1.2610526315789474
ef o 0.70 0.06602861196589176 1.3494736842105264 0.10756273884766238 1.8126315789473684 0.13738211199354897 2.1073684210526316 0.160811619465317 2.3305263157894736 0.1767862836506134 2.4821052631578944 0.20128076873473455 2.6799999999999997 0.22471027620650258 2.869473684210526
ef o 0.68 0.30990848519475 2.6 0.3088435075823969 2.393684210526316 0.30671355235769066 2.2842105263157895 0.2960637762341598 2.1031578947368423 0.2896739105600412 2.014736842105263 0.275829201599451 1.8757894736842107 0.26091951502650773 1.7663157894736843 0.24387987322885826 1.6610526315789471 0.21619045530767783 1.5431578947368423 0.1874360597741443 1.4252631578947368 0.13844708960590205 1.2484210526315789
ef o 0.68 0.05857376867942011 1.3494736842105264 0.07880834331412886 1.5894736842105264 0.09265305227471907 1.7452631578947368 0.10862771646001547 1.9136842105263157 0.1501618433417861 2.317894736842105 0.16613650752708248 2.473684210526316 0.1778512612629665 2.5705263157894738 0.1874360597741443 2.646315789473684 0.2098005896335593 2.831578947368421
ef o 0.65 0.31842830609357475 2.431578947368421 0.3162983508688686 2.317894736842105 0.30671355235769066 2.1031578947368423 0.2939338210094536 1.9431578947368422 0.27369924637474485 1.7747368421052632 0.25026973890297677 1.6315789473684212 0.22897018665591495 1.5221052631578948 0.1959558806729691 1.3915789473684212 0.17465632842590717 1.3157894736842104 0.1448369552800206 1.2273684210526314
ef o 0.65 0.051118925392948454 1.3410526315789473 0.06922354480295102 1.5852631578947367 0.09478300749942527 1.9010526315789473 0.1320572239317835 2.3010526315789477
ef o 0.60 0.32055826131828086 2.1031578947368423 0.3141683956441624 1.976842105263158 0.30458359713298455 1.8463157894736841 0.2854140001106289 1.6989473684210528 0.25985453741415465 1.5599999999999998 0.23855498516709278 1.4673684210526317 0.2066056567965 1.3536842105263158 0.17891623887531957 1.2694736842105263 0.15335677617884533 1.2063157894736842
ef c 0.01 0.09371802988707216 1.2357894736842105 0.02342950747176804 1.2484210526315789 0.018104619410002576 1.3410526315789473 0.03833919404471134 1.7200000000000002 0.05218390300530155 2.04 0.10756273884766238 2.3221052631578942 0.1618765970776701 2.8021052631578947 0.19063099261120361 2.894736842105263 0.23110014188062114 2.9494736842105262 0.2662444030882732 2.9452631578947366 0.3120384404194562 2.7557894736842106 0.3354679478912242 2.616842105263158 0.3418578135653428 2.2673684210526313 0.34718270162710824 2.04 0.3248181717676933 1.7873684210526317 0.2949987986218067 1.5431578947368423 0.2577245821894485 1.4 0.23855498516709278 1.311578947368421 0.19702085828532218 1.1978947368421053 0.1640065523023763 1.1557894736842105