TD05H-14B
http://stealth316.3sg.org/images/td05h-14b-cfm.gif
67
14
455
577
0.3203188523614307
2.4
sp o 70000 0.02724361373177117 1.3367673179396091 0.032196998046638656 1.3367673179396091 0.038801510466461964 1.3282415630550626 0.05201053530610859 1.3154529307282417 0.06109173988336565 1.3069271758436944 0.0693473804081448 1.294138543516874 0.086684225510181 1.2642984014209593 0.09411430198248222 1.2387211367673179 0.1048466346646951 1.2003552397868562 0.11227671113699633 1.119360568383659 0.1147534032944301 1.07246891651865
sp o 90000 0.03962707451893988 1.558436944937833 0.04788271504371902 1.558436944937833 0.056138355568498166 1.5541740674955595 0.06604512419823313 1.5456483126110125 0.07512632877549019 1.5328596802841918 0.08585866145770307 1.5115452930728241 0.0990676862973497 1.4859680284191827 0.11392783924195214 1.439076376554174 0.12300904381920923 1.4049733570159857 0.13209024839646627 1.3623445825932503 0.13869476081628956 1.3154529307282417
sp o 110000 0.052836099358586505 1.8483126110124335 0.06439399609327731 1.8440497335701598 0.07677745688044602 1.8397868561278863 0.08585866145770307 1.8355239786856128 0.10154437845478345 1.8269982238010658 0.11888122355681964 1.8056838365896979 0.12548573597664298 1.7971580817051511 0.13043912029151047 1.7843694493783304 0.13539250460637794 1.7715808170515097 0.1395203248687675 1.7545293072824157 0.14529927323611289 1.7246891651865006 0.1519037856559362 1.6820603907637655 0.1560316059183258 1.6522202486678508 0.15933386212823744 1.6181172291296624 0.16181055428567118 1.5840142095914742 0.16428724644310494 1.5456483126110125 0.16511281049558282 1.5243339253996446
sp o 130000 0.06274286798832147 2.108348134991119 0.12466017192416504 2.1126110124333923 0.14695040134106874 2.108348134991119 0.15107822160345827 2.104085257548846 0.1552060418658479 2.091296625222025 0.1675895026530166 2.052930728241563 0.17584514317779573 2.0103019538188276 0.18410078370257485 1.9591474245115452 0.18905416801744235 1.9165186500888098 0.19483311638478773 1.8653641207815275
sp o 150000 0.07925414903787976 2.611367673179396 0.08998648172009265 2.619893428063943 0.1114511470845184 2.619893428063943 0.1238346078716871 2.607104795737122 0.14199701702620124 2.607104795737122 0.15438047781336994 2.607104795737122 0.163461682390627 2.607104795737122 0.173368451020362 2.607104795737122 0.18162409154514111 2.5943161634103022 0.19070529612239817 2.5772646536412074 0.19400755233230985 2.568738898756661 0.19730980854222147 2.5431616341030194 0.19978650069965523 2.5047957371225578 0.20226319285708896 2.445115452930728 0.20639101311947852 2.347069271758437 0.2096932693293902 2.244760213143872 0.21134439743434602 2.1680284191829484 0.2129955255393019 2.1126110124333923
sp o 170000 0.0932887379300043 3.033392539964476 0.11557896734690794 3.016341030195382 0.13539250460637794 3.016341030195382 0.14942709349850247 3.016341030195382 0.1626361183381491 3.0206039076376556 0.17419401507283988 3.024866785079929 0.18822860396496444 3.024866785079929 0.19648424448974358 3.024866785079929 0.20721657717195646 3.016341030195382 0.2129955255393019 2.995026642984014 0.21877447390664725 2.9566607460035526 0.22207673011655896 2.8969804618117228 0.2270301144314264 2.803197158081705 0.22868124253638233 2.7008880994671403 0.22785567848390428 2.5943161634103022 0.2270301144314264 2.48348134991119 0.2262045503789485 2.4024866785079926
ef c 0.76 0.10402107061221719 1.6735346358792187 0.10980001897956258 1.7374777975133213 0.11557896734690794 1.7886323268206037 0.11805565950434173 1.8056838365896979 0.11970678760929754 1.814209591474245 0.12135791571425339 1.8184724689165184 0.1221834797667313 1.814209591474245 0.1221834797667313 1.8056838365896979 0.1221834797667313 1.7971580817051511 0.12053235166177548 1.7758436944937832 0.11888122355681964 1.758792184724689 0.11557896734690794 1.7161634103019539 0.1114511470845184 1.6735346358792187 0.10732332682212885 1.622380106571936 0.10236994250726135 1.5712255772646535 0.09576543008743804 1.5115452930728241 0.08998648172009265 1.4518650088809948 0.086684225510181 1.42202486678508 0.08420753335274725 1.413499111900533 0.08255640524779141 1.4177619893428066 0.08255640524779141 1.4262877442273534 0.08585866145770307 1.477442273534636 0.0924631738775264 1.5541740674955595 0.09741655819239387 1.605328596802842
ef o 0.75 0.06687068825071105 1.2898756660746005 0.07677745688044602 1.4305506216696269 0.08420753335274725 1.5285968028419183 0.09081204577257056 1.6010657193605682 0.10236994250726135 1.7161634103019539 0.1114511470845184 1.8056838365896979 0.12548573597664298 1.9165186500888098 0.1337413765014221 1.9761989342806392 0.13704363271133377 1.98898756660746 0.1378691967638117 1.9932504440497334 0.13869476081628956 1.9932504440497334 0.1395203248687675 1.9932504440497334 0.14034588892124544 1.9847246891651866 0.14117145297372327 1.971936056838366 0.14034588892124544 1.9420959147424512 0.13869476081628956 1.8952042628774421 0.1296135562390325 1.780106571936057 0.1238346078716871 1.7161634103019539 0.11392783924195214 1.6138543516873889 0.10732332682212885 1.5499111900532858 0.09741655819239387 1.4603907637655418 0.08585866145770307 1.3580817051509773 0.07512632877549019 1.2856127886323268
ef o 0.74 0.05448722746354234 1.2898756660746005 0.07760302093292393 1.5712255772646535 0.0932887379300043 1.741740674955595 0.10567219871717301 1.8653641207815275 0.11888122355681964 1.9847246891651866 0.13126468434398833 2.0870337477797514 0.1378691967638117 2.1339253996447605 0.14117145297372327 2.1595026642984014 0.14942709349850247 2.210657193605684 0.1519037856559362 2.2234458259325045 0.15438047781336994 2.231971580817051 0.1560316059183258 2.2362344582593248 0.15768273402328162 2.2362344582593248 0.15933386212823744 2.231971580817051 0.15933386212823744 2.2277087033747778 0.16098499023319326 2.214920071047957 0.15933386212823744 2.1509769094138544 0.1560316059183258 2.0571936056838362 0.15025265755098038 1.9591474245115452 0.14117145297372327 1.831261101243339 0.13126468434398833 1.7161634103019539 0.11310227518947424 1.5456483126110125 0.10071881440230548 1.4348134991119006 0.08916091766761472 1.3410301953818828 0.08090527714283559 1.272824156305506
ef o 0.72 0.05201053530610859 1.302664298401421 0.06439399609327731 1.4689165186500888 0.07677745688044602 1.6181172291296624 0.08916091766761472 1.7758436944937832 0.10071881440230548 1.9037300177619894 0.11310227518947424 2.0486678507992897 0.13043912029151047 2.210657193605684 0.14529927323611289 2.33854351687389 0.15355491376089203 2.4024866785079926 0.16511281049558282 2.4706927175843694 0.16924063075797238 2.48348134991119 0.17089175886292823 2.492007104795737 0.17419401507283988 2.492007104795737 0.17584514317779573 2.4962699822380108 0.17667070723027362 2.4877442273534633 0.17832183533522944 2.479218472468917 0.1799729634401853 2.4621669626998224 0.1799729634401853 2.41101243339254 0.17832183533522944 2.33854351687389 0.17501957912531782 2.244760213143872 0.17089175886292823 2.1381882770870337 0.1626361183381491 2.014564831261101 0.15355491376089203 1.8824156305506214 0.14199701702620124 1.7460035523978685 0.1296135562390325 1.6181172291296624 0.11888122355681964 1.5115452930728241 0.10319550655973926 1.3836589698046182 0.09824212224487179 1.3495559502664298 0.09081204577257056 1.2984014209591472 0.08503309740522516 1.2642984014209593
ef o 0.70 0.04458045883380736 1.2856127886323268 0.0635684320407994 1.5499111900532858 0.08585866145770307 1.8355239786856128 0.1114511470845184 2.1126110124333923 0.12466017192416504 2.249023090586146 0.14447370918363495 2.4195381882770866 0.16098499023319326 2.5346358792184724 0.17501957912531782 2.619893428063943 0.1799729634401853 2.641207815275311 0.18079852749266323 2.645470692717584 0.1849263477550528 2.645470692717584 0.1865774758600086 2.641207815275311 0.18905416801744235 2.602841918294849 0.19070529612239817 2.5133214920071048 0.18987973206992032 2.3939609236234456 0.18822860396496444 2.3044404973357016 0.18327521965009694 2.1765541740674954 0.173368451020362 2.0060390763765543 0.1626361183381491 1.8653641207815275 0.14777596539354665 1.7161634103019539 0.13539250460637794 1.6010657193605682 0.11640453139938593 1.4305506216696269 0.10071881440230548 1.3069271758436944 0.08998648172009265 1.247246891651865
ef o 0.68 0.03962707451893988 1.2813499111900533 0.042103766676373625 1.3367673179396091 0.05531279151602025 1.5541740674955595 0.0759518928279681 1.8397868561278863 0.0990676862973497 2.1126110124333923 0.11805565950434173 2.3087033747779753 0.1378691967638117 2.4877442273534633 0.15355491376089203 2.607104795737122 0.16511281049558282 2.6795737122557726 0.17832183533522944 2.747779751332149 0.18575191180753067 2.7818827708703378 0.18822860396496444 2.7904085257548843 0.19070529612239817 2.803197158081705 0.1931819882798319 2.8117229129662524 0.19483311638478773 2.8159857904085257 0.19648424448974358 2.8159857904085257 0.1981353725946994 2.8159857904085257 0.20061206475213314 2.8074600355239787 0.20226319285708896 2.786145648312611 0.2030887569095669 2.6795737122557726 0.20143762880461097 2.500532859680284 0.1981353725946994 2.355595026642984 0.19235642422735402 2.2021314387211364 0.18575191180753067 2.0614564831261104 0.17667070723027362 1.9293072824156305 0.16098499023319326 1.7545293072824157 0.14364814513115703 1.5882770870337477 0.1279624281340767 1.456127886323268 0.11640453139938593 1.3708703374777975 0.10319550655973926 1.2856127886323268 0.09493986603496016 1.2387211367673179
ef o 0.65 0.033848126151594486 1.2770870337477798 0.04788271504371902 1.558436944937833 0.06604512419823313 1.8440497335701598 0.08338196930026932 2.1126110124333923 0.1048466346646951 2.389698046181172 0.11970678760929754 2.5474245115452927 0.1395203248687675 2.713676731793961 0.15107822160345827 2.786145648312611 0.16593837454806076 2.867140319715808 0.18987973206992032 2.9737122557726465 0.19896093664717732 3.003552397868561 0.20639101311947852 2.999289520426288 0.20804214122443437 2.9907637655417405 0.2129955255393019 2.7904085257548843 0.2129955255393019 2.607104795737122 0.20639101311947852 2.3513321492007107 0.1865774758600086 1.9378330373001775 0.17254288696788406 1.7460035523978685 0.15933386212823744 1.6181172291296624 0.1279624281340767 1.3836589698046182 0.09824212224487179 1.221669626998224
ef o 0.60 0.23280906279877187 3.016341030195382 0.23363462685124972 2.7733570159857903 0.23198349874629393 2.611367673179396 0.2253789863264706 2.41101243339254 0.22125116606408107 2.3172291296625223 0.21216996148682393 2.1552397868561277 0.19400755233230985 1.9037300177619894 0.17254288696788406 1.6522202486678508 0.14364814513115703 1.42202486678508 0.1296135562390325 1.3367673179396091 0.10236994250726135 1.2003552397868562
ef o 0.60 0.02972030588920491 1.272824156305506 0.042103766676373625 1.5669626998223802 0.052836099358586505 1.814209591474245 0.06769625230318897 2.1680284191829484 0.07760302093292393 2.3811722912966253 0.08585866145770307 2.517584369449378 0.10071881440230548 2.6923623445825933 0.11640453139938593 2.8287744227353464 0.12548573597664298 2.8884547069271758 0.13539250460637794 2.948134991119005 0.14695040134106874 3.003552397868561
ef c 0.01 0.08503309740522516 1.1705150976909415 0.05035940720115277 1.1875666074600355 0.025592485626815337 1.247246891651865 0.02229022941690368 1.3538188277087035 0.08916091766761472 2.9694493783303733 0.08255640524779141 3.1484902309058613 0.2509714719532859 3.1143872113676734 0.2526226000582417 2.9353463587921844 0.24766921574337425 2.4323268206039077 0.2096932693293902 1.7460035523978685 0.17832183533522944 1.4433392539964476 0.115578967346908 1.0980461811722912