TD05H-14G
http://stealth316.3sg.org/images/td05h-14g-cfm.gif
67
14
455
577
0.413211313593
2.4
sp o 150000 0.18211117171237887 2.9055062166962697 0.19169597022355667 2.9225577264653637 0.20021579112238144 2.9268206039076374 0.2193853881447371 2.931083481349911 0.22577525381885566 2.9225577264653637 0.2374900075547397 2.9012433392539965 0.24494485084121134 2.867140319715808 0.25665960457709536 2.803197158081705 0.2694393359253325 2.675310834813499 0.2768941792118041 2.607104795737122 0.28434902249827576 2.4962699822380108 0.29073888817239435 2.3172291296625223 0.29286884339710045 2.091296625222025
sp o 130000 0.1320572239317835 2.342806394316163 0.1629415746900232 2.3811722912966253 0.17465632842590717 2.3811722912966253 0.19808583589767523 2.347069271758437 0.22045036575709023 2.26607460035524 0.24174991800415208 2.1595026642984014 0.2545296493523892 2.0614564831261104 0.2619844926388608 1.971936056838366 0.2683743583129794 1.869626998223801 0.27369924637474485 1.7119005328596801
sp o 110000 0.07880834331412886 1.9037300177619894 0.09691296272413144 1.9165186500888098 0.12566735825766495 1.9207815275310836 0.14057704483060823 1.9207815275310836 0.1618765970776701 1.8909413854351689 0.1778512612629665 1.8397868561278863 0.194890903060616 1.7673179396092364 0.2066056567965 1.7076376554174066 0.23110014188062114 1.5499111900532858 0.23855498516709278 1.49449378330373
sp o 90000 0.053248880617654634 1.5882770870337477 0.07135350002765722 1.5840142095914742 0.08626318660060052 1.5840142095914742 0.10756273884766238 1.5712255772646535 0.12247242542060567 1.5499111900532858 0.13951206721825515 1.5115452930728241 0.1618765970776701 1.4433392539964476 0.19382592544826288 1.3069271758436944
sp o 70000 0.03833919404471134 1.3410301953818828 0.047923992555889174 1.3410301953818828 0.05857376867942011 1.3367673179396091 0.0724184776400103 1.3325044404973356 0.08519820898824743 1.3239786856127886 0.09904291794883763 1.302664298401421 0.11395260452178094 1.2685612788632326 0.14164202244296134 1.1875666074600355 0.1512268209541392 1.1534635879218473
ef c 0.77 0.1320572239317835 1.741740674955595 0.1469669105047268 1.869626998223801 0.15655170901590468 1.9634103019538187 0.16613650752708248 2.0273534635879216 0.1767862836506134 2.0870337477797514 0.18104619410002573 2.0955595026642984 0.18317614932473197 2.074245115452931 0.18424112693708505 2.0444049733570155 0.17998121648767268 1.9463587921847245 0.16720148513943553 1.8099467140319716 0.160811619465317 1.7460035523978685 0.14590193289237371 1.6266429840142096 0.12673233587001803 1.49449378330373 0.11608255974648711 1.439076376554174 0.10862771646001547 1.4177619893428066 0.10330282839825 1.4348134991119006 0.10543278362295619 1.4817051509769095 0.11075767168472166 1.5285968028419183
ef o 0.76 0.07987332092648196 1.2770870337477798 0.10649776123530927 1.5754884547069272 0.1480318881170799 2.014564831261101 0.15548673140355154 2.0870337477797514 0.1629415746900232 2.1381882770870337 0.18317614932473197 2.287388987566607 0.1959558806729691 2.376909413854352 0.20341072395944074 2.4195381882770866 0.2087356120212062 2.4365896980461814 0.21406050008297167 2.4365896980461814 0.21725543292003094 2.428063943161634 0.2215153433694433 2.3342806394316162 0.21725543292003094 2.20639431616341 0.20128076873473455 1.980461811722913 0.18211117171237887 1.822735346358792 0.160811619465317 1.6436944937833036 0.13951206721825515 1.5115452930728241 0.12247242542060567 1.413499111900533 0.09052309705001288 1.2642984014209593
ef o 0.74 0.06815856719059794 1.294138543516874 0.09371802988707216 1.5840142095914742 0.10862771646001547 1.7545293072824157 0.12566735825766495 1.9293072824156305 0.149096865729433 2.180817051509769 0.1693314403641418 2.3811722912966253 0.1959558806729691 2.5943161634103022 0.2098005896335593 2.6923623445825933 0.2193853881447371 2.7435168738898756 0.22577525381885566 2.7690941385435166 0.23003516426826806 2.7733570159857903 0.23536005233003351 2.7733570159857903 0.240684940391799 2.7435168738898756 0.24387987322885826 2.6923623445825933 0.24600982845356442 2.581527531083481 0.24281489561650516 2.389698046181172 0.23536005233003351 2.19360568383659 0.22790520904356187 2.0614564831261104 0.21299552247061854 1.8909413854351689 0.19702085828532218 1.758792184724689 0.1778512612629665 1.6309058614564829 0.16720148513943553 1.5712255772646535 0.1501618433417861 1.4817051509769095 0.09584798511177835 1.2515097690941386
ef o 0.72 0.25878955980180157 2.786145648312611 0.264114447863567 2.645470692717584 0.2651794254759201 2.492007104795737 0.2630494702512139 2.376909413854352 0.2577245821894485 2.2404973357015985 0.24813978367827064 2.108348134991119 0.2364250299423866 1.954884547069272 0.22471027620650258 1.8355239786856128 0.1959558806729691 1.6564831261101243 0.16507152991472937 1.49449378330373 0.13844708960590205 1.3708703374777975 0.10649776123530927 1.2344582593250446
ef o 0.72 0.06283367912883248 1.294138543516874 0.08626318660060052 1.5797513321492005 0.11501758213413403 1.9250444049733568 0.15548673140355154 2.3811722912966253 0.17572130603826033 2.5943161634103022 0.19169597022355667 2.7435168738898756 0.21512547769532475 2.9353463587921844
ef o 0.70 0.27476422398709793 2.619893428063943 0.27369924637474485 2.3683836589698046 0.26730938070062626 2.2277087033747778 0.2555946269647423 2.052930728241563 0.2374900075547397 1.8653641207815275 0.22471027620650258 1.7673179396092364 0.19808583589767523 1.6010657193605682 0.17998121648767268 1.5115452930728241 0.11182264929707475 1.2174067495559502
ef o 0.70 0.056443813454713915 1.294138543516874 0.07880834331412886 1.5840142095914742 0.10330282839825 1.9207815275310836 0.13951206721825515 2.347069271758437 0.17039641797649485 2.6838365896980463 0.1927609478359098 2.9225577264653637
ef o 0.68 0.28115408966121647 2.5261101243339255 0.2822190672735696 2.347069271758437 0.2800891120488634 2.2916518650088813 0.275829201599451 2.20639431616341 0.2715692911500387 2.1296625222024868 0.25985453741415465 2.0017761989342806 0.21832041053238402 1.6522202486678508 0.19915081351002833 1.537122557726465 0.17039641797649485 1.4092362344582594 0.11927749258354639 1.2088809946714032
ef o 0.68 0.05005394778059536 1.294138543516874 0.07028852241530412 1.5882770870337477 0.09371802988707216 1.9122557726465361 0.11927749258354639 2.2277087033747778 0.12140744780825258 2.2618117229129657
ef o 0.65 0.29073888817239435 2.364120781527531 0.28754395533533506 2.214920071047957 0.275829201599451 2.0103019538188276 0.2619844926388608 1.8611012433392542 0.240684940391799 1.7033747779751334 0.2236452985941495 1.605328596802842 0.2076706344088531 1.5072824156305504 0.19382592544826288 1.4433392539964476 0.17891623887531957 1.3836589698046182 0.15974664185296392 1.3069271758436944 0.12992726870707733 1.1960923623445827
ef o 0.65 0.04259910449412371 1.2898756660746005 0.06070372390412629 1.5882770870337477 0.07880834331412886 1.9037300177619894
ef o 0.60 0.1309922463194304 1.1577264653641208 0.18530610454943813 1.3452930728241563 0.19915081351002833 1.413499111900533 0.21406050008297167 1.477442273534636 0.23110014188062114 1.5541740674955595 0.2513347165153299 1.6820603907637655 0.2715692911500387 1.8269982238010658 0.2822190672735696 1.9634103019538187 0.29180386578474743 2.1680284191829484
ef c 0.01 0.1341871791564897 1.1065719360568385 0.10862771646001547 1.1236234458259324 0.08093829853883505 1.1790408525754883 0.02342950747176804 1.191829484902309 0.022364529859414947 1.2770870337477798 0.06709358957824485 1.9506216696269982 0.10969269407236855 2.2916518650088813 0.16933144036414177 2.9651865008880995 0.18530610454943813 3.003552397868561 0.2066056567965 3.024866785079929 0.23855498516709278 3.016341030195382 0.26730938070062626 2.9225577264653637 0.286478977722982 2.7733570159857903 0.2992587090712191 2.611367673179396 0.3131034180318093 2.4152753108348133 0.31949328370592783 2.189342806394316 0.3162983508688686 1.9847246891651866 0.30564857474533763 1.8056838365896979 0.2768941792118041 1.5882770870337477 0.23110014188062114 1.4007104795737122 0.21086556724591238 1.2770870337477798 0.15761668662825773 1.1492007104795736